Support Vectors Machine

Informações sobre a Máquina
C:         40.000100
Gama:      3.010150
Epsilon:   0.035000
Erro:      0.000499
SV_CV:      7.000000
Correla:   0.000480
Total SV:  7
RHO:      -1.912114
  SV ind.        SV coef
5        -4.382006
11         3.483049
20        -0.054290
38        -0.372332
39        -1.357436
62         1.605724
95         1.077290

Conjunto de treinamento
  0.000922   0.000017   0.092641 
  0.001323   0.000040   0.095648 
  0.003625   0.000382   0.108000 
  0.005184   0.000806   0.114359 
  0.018317   0.009196   0.151210 
  0.019872   0.010633   0.154697 
  0.040578   0.034896   0.194172 
  0.054422   0.053921   0.216341 
  0.059399   0.060934   0.223793 
  0.075331   0.083309   0.246250 
  0.086728   0.098859   0.261247 
  0.108000   0.126182   0.287375 
  0.120832   0.141465   0.302157 
  0.137474   0.160002   0.320393 
  0.151210   0.174349   0.334729 
  0.168831   0.191758   0.352256 
  0.176000   0.198596   0.359125 
  0.179607   0.201995   0.362526 
  0.194172   0.215504   0.375891 
  0.231266   0.249286   0.407359 
  0.238753   0.256134   0.413272 
  0.257499   0.273465   0.427424 
  0.261247   0.276968   0.430140 
  0.268734   0.284009   0.435453 
  0.287375   0.301781   0.448000 
  0.294784   0.308937   0.452709 
  0.309488   0.323272   0.461563 
  0.313136   0.326851   0.463655 
  0.352256   0.365505   0.483181 
  0.362526   0.375636   0.487320 
  0.379168   0.391926   0.492993 
  0.388835   0.401284   0.495629 
  0.413272   0.424459   0.499666 
  0.421875   0.432420   0.500000 
  0.424669   0.434980   0.500049 
  0.440601   0.449330   0.502336 
  0.454994   0.461887   0.507868 
  0.473344   0.477257   0.521719 
  0.475123   0.478709   0.523640 
  0.481683   0.484027   0.532033 
  0.484620   0.486406   0.536641 
  0.488579   0.489657   0.544041 
  0.496375   0.496858   0.566426 
  0.499078   0.500756   0.582181 
  0.499666   0.502302   0.588824 
  0.499851   0.503087   0.592214 
  0.500049   0.505533   0.602645 
  0.504711   0.514539   0.636023 
  0.507868   0.518392   0.647744 
  0.509088   0.519795   0.651707 
  0.510391   0.521261   0.655697 
  0.513238   0.524389   0.663750 
  0.514781   0.526055   0.667812 
  0.518099   0.529595   0.676000 
  0.525633   0.537543   0.692602 
  0.532033   0.544274   0.705216 
  0.534304   0.546665   0.709446 
  0.536641   0.549128   0.713686 
  0.544041   0.556948   0.726460 
  0.546633   0.559694   0.730731 
  0.549287   0.562508   0.735008 
  0.552000   0.565389   0.739289 
  0.572576   0.587294   0.769269 
  0.575728   0.590650   0.773540 
  0.582181   0.597515   0.782064 
  0.592214   0.608159   0.794784 
  0.595648   0.611793   0.799002 
  0.599125   0.615465   0.803207 
  0.632177   0.649964   0.840288 
  0.647744   0.665922   0.856192 
  0.680124   0.698495   0.886557 
  0.688426   0.706721   0.893795 
  0.700998   0.719090   0.904352 
  0.709446   0.727347   0.911176 
  0.713686   0.731476   0.914521 
  0.726460   0.743859   0.924272 
  0.769269   0.784871   0.953367 
  0.782064   0.797024   0.960956 
  0.790554   0.805069   0.965696 
  0.799002   0.813060   0.970169 
  0.828104   0.840514   0.983598 
  0.836250   0.848179   0.986762 
  0.840288   0.851977   0.988225 
  0.890195   0.898707   0.999564 
  0.904352   0.911862   1.000000 
  0.911176   0.918179   1.000000 
  0.936570   0.941478   1.000000 
  0.939512   0.944150   1.000000 
  0.953367   0.956624   1.000000 
  0.965696   0.967537   1.000000 
  0.974367   0.975079   1.000000 
  0.986762   0.985670   1.000000 
  0.994322   0.992172   1.000000 
  0.996961   0.994594   1.000000 
  0.999951   0.998372   1.000000 
  1.000000   1.000308   1.000000 
  1.000000   1.000364   1.000000 
  1.000000   1.000317   1.000000 
  1.000000   1.000156   1.000000 
  1.000000   0.999662   1.000000 