Dim (X): 1
0.974383 -2.541497 
0.854680 5.140635 
0.039348 2.346944 
0.445476 -6.650260 
0.323216 -0.582125 
0.154960 7.182604 
0.873993 4.232374 
0.352136 -2.508472 
0.399799 -5.432970 
0.911125 2.311032 
0.398178 -5.071327 
0.474933 -6.946597 
0.894121 3.735007 
0.687510 3.639775 
0.659993 2.126795 
0.774743 6.961905 
0.808550 6.860087 
0.317969 -0.080400 
0.009546 1.025504 
0.914243 1.783653 
0.097526 5.835914 
0.864318 4.427216 
0.957797 -1.480702 
0.865014 4.929686 
0.673897 3.075711 
0.556164 -4.780662 
0.451354 -7.255073 
0.329943 -1.195339 
0.087931 5.666325 
0.331577 -1.123307 
0.847956 5.465400 
0.081606 5.088943 
0.139916 7.167394 
0.287279 2.030677 
0.828024 5.802365 
0.554792 -4.636573 
0.320373 -0.236506 
0.779676 6.948285 
0.877420 3.953201 
0.570818 -3.768013 
0.559481 -4.336957 
0.710703 5.018372 
0.332126 -1.330116 
0.937676 0.333264 
0.117470 6.568593 
0.794218 7.061868 
0.329919 -0.939241 
0.114577 6.303064 
0.549509 -5.179925 
0.650744 1.758581 
0.613114 -0.893887 
0.751877 6.384756 
0.162625 7.111213 
0.773012 7.105832 
0.771451 6.768656 
0.854648 5.735345 
0.542695 -5.249655 
0.594335 -2.682177 
0.263134 3.496841 
0.495747 -6.504239 
0.991421 -3.472442 
0.134565 6.760940 
0.330673 -0.809315 
0.015132 1.251574 
0.810350 6.721293 
0.727601 5.758839 
0.801017 7.023896 
0.400157 -5.184323 
0.819352 6.678867 
0.692175 3.994263 
0.915341 1.896209 
0.641535 1.049301 
0.661277 2.631665 
0.013460 1.278123 
0.863605 4.930357 
0.188148 6.596091 
0.264671 3.245005 
0.181177 7.278096 
0.539712 -5.148746 
0.518635 -5.774594 
0.700867 4.680151 
0.784575 7.190776 
0.255524 3.451668 
0.915122 1.570817 
0.327591 -0.902999 
0.176565 6.635828 
0.228905 4.878059 
0.139539 6.838602 
0.574747 -3.316047 
0.642184 0.831683 
0.249031 4.180422 
0.590220 -2.034512 
0.360686 -2.709710 
0.719582 5.344664 
0.335574 -1.484121 
0.478018 -7.543369 
0.223835 5.624160 
0.424421 -6.223023 
0.621795 -0.361330 
0.091272 5.874410 
