Support Vectors Machine

Informações sobre a Máquina
Modelo: LibSVM
Kernel: RBF_kernel
C:         67.232619
Gama:     10.554833
Epsilon:   0.010000
Erro:      0.003377
SV_CV:     93.000000
Total SV:  93
RHO:       2.976980
SV ind.        SV coef
1        67.232600
2       -67.232600
3        67.232600
4        67.232600
5       -67.232600
6        67.232600
7        11.983003
9        67.232600
10        67.232600
11       -67.232600
13       -67.232600
14       -67.232600
15        67.232600
16       -67.232600
17       -67.232600
18       -50.008747
19       -67.232600
20       -67.232600
22        67.232600
23       -67.232600
24       -67.232600
25        67.232600
26        67.232600
27       -50.267659
28       -67.232600
29       -67.232600
31        57.074424
32        62.972467
33        67.232600
34        67.232600
35       -67.232600
36       -67.232600
37       -67.232600
38       -67.232600
39       -12.581926
40        67.232600
41       -67.232600
42       -67.232600
43        67.232600
44       -67.232600
45        67.232600
46        67.232600
47       -67.232600
48        67.232600
49       -67.232600
50       -67.232600
51        67.232600
53        67.232600
54       -67.232600
55        67.232600
56        67.232600
57       -67.232600
59       -67.232600
60        67.232600
61       -67.232600
62        67.232600
63        67.232600
64        67.232600
65       -67.232600
66       -67.232600
68        67.232600
69       -67.232600
70        67.232600
71       -67.232600
72       -67.232600
73        67.232600
74         1.539648
75        67.232600
76        67.232600
77       -67.232600
78        46.521390
79       -67.232600
80       -67.232600
81        67.232600
82       -67.232600
83       -67.232600
84        67.232600
85        67.232600
86        67.232600
87        67.232600
88        67.232600
89        67.232600
90       -67.232600
91       -67.232600
92        67.232600
93       -67.232600
94       -67.232600
95       -67.232600
96        67.232600
97        67.232600
98        67.232600
99        67.232600
100       -67.232600
Dados Normalização
Min        Max
  0.000000               0.000000

Conjunto de treinamento
  0.162182   7.084272 
  0.794285   6.930437 
  0.311215   0.331104 
  0.528533  -5.845521 
  0.165649   6.768362 
  0.601982  -1.632479 
  0.262971   3.490131 
  0.654079   1.810397 
  0.689215   4.107151 
  0.748152   6.572311 
  0.450542  -7.038899 
  0.083821   5.171680 
  0.228977   5.238165 
  0.913337   1.904681 
  0.152378   7.328685 
  0.825817   6.260808 
  0.538342  -5.579011 
  0.996135  -3.720733 
  0.078176   4.696841 
  0.442678  -6.754885 
  0.106653   6.073883 
  0.961898  -1.044877 
  0.004634   0.274475 
  0.774910   6.748695 
  0.817303   6.967427 
  0.868695   4.955727 
  0.084436   5.186891 
  0.399783  -5.588892 
  0.259870   3.527355 
  0.800068   6.893620 
  0.431414  -6.396972 
  0.910648   2.138448 
  0.181847   6.875081 
  0.263803   3.456227 
  0.145539   6.703301 
  0.136069   6.656463 
  0.869292   4.529539 
  0.579705  -3.372076 
  0.549860  -5.009828 
  0.144955   6.951103 
  0.853031   4.853293 
  0.622055  -0.529554 
  0.350952  -2.269311 
  0.513250  -6.604659 
  0.401808  -5.192728 
  0.075967   4.890824 
  0.239916   4.726767 
  0.123319   6.641340 
  0.183908   6.436584 
  0.239953   4.713784 
  0.417267  -5.684185 
  0.049654   3.354400 
  0.902716   2.718830 
  0.944787  -0.308477 
  0.490864  -6.871793 
  0.489253  -6.840264 
  0.337719  -1.548717 
  0.900054   2.806833 
  0.369247  -3.711323 
  0.111203   6.680927 
  0.780252   6.539062 
  0.389739  -4.355187 
  0.241691   4.707783 
  0.403912  -5.272507 
  0.096455   5.419696 
  0.131973   6.662535 
  0.942051  -0.025709 
  0.956135  -0.868460 
  0.575209  -3.879411 
  0.059780   4.034078 
  0.234780   4.748558 
  0.353159  -2.648036 
  0.821194   6.686769 
  0.015403   1.139394 
  0.043024   3.136137 
  0.168990   7.151624 
  0.649115   1.315133 
  0.731722   6.067009 
  0.647746   1.162506 
  0.450924  -7.120406 
  0.547009  -4.899965 
  0.296321   1.242090 
  0.744693   6.417055 
  0.188955   6.829612 
  0.686775   3.981797 
  0.183511   6.826942 
  0.368485  -3.368415 
  0.625619  -0.003017 
  0.780227   7.038597 
  0.081126   4.938004 
  0.929386   0.783501 
  0.775713   7.205613 
  0.486792  -7.237876 
  0.435859  -6.571325 
  0.446784  -7.181492 
  0.306349   0.750230 
  0.508509  -6.347096 
  0.510772  -6.459863 
  0.817628   6.625408 
  0.794831   6.471621 