Support Vectors Machine

Informações sobre a Máquina
Modelo: LibSVM
Kernel: RBF_kernel
C:        162.617559
Gama:     43.892710
Epsilon:   0.010000
Erro:      0.006705
SV_CV:     90.000000
Total SV:  90
RHO:       0.872554
SV ind.        SV coef
1       162.617600
2       -44.099381
3       160.486168
4       162.617600
5       -162.617600
6       162.617600
7       162.617600
8       162.524631
10       162.617600
11       -162.617600
13       -162.617600
14       -162.617600
15       162.617600
16       -162.617600
17       -162.617600
18       -91.257224
19       -162.617600
20       -158.496078
21        68.025641
22       162.617600
23       -162.617600
24       -162.617600
25       162.617600
26       162.617600
27        -1.478122
28       -162.617600
29       -162.617600
31       162.617600
32       156.315552
33        96.523074
34       162.617600
35       -162.617600
36       -162.617600
37       -162.617600
39       -162.617600
41       -162.617600
42       -129.834865
44       -162.617600
45       162.617600
46       162.617600
48       162.617600
49       -162.617600
50       -104.378805
51       162.617600
52       -162.617600
53       162.617600
54       -162.617600
55       162.617600
56       162.617600
57       -162.617600
58       -27.262695
59       -162.617600
60       162.617600
61       -162.617600
62       162.617600
63       162.617600
64       162.617600
65       -162.617600
66       -162.617600
68       162.617600
69       -162.617600
70       162.617600
71       -162.617600
72       -162.617600
73       162.617600
74       136.014346
75       162.617600
76       162.617600
77       -162.617600
78       -72.242649
79       -162.617600
80       -162.617600
81       162.617600
82       -162.617600
83       -162.617600
84       162.617600
85       162.617600
87        72.351362
88       162.617600
89       162.617600
90       -162.617600
91       -162.617600
92       162.617600
93       -162.617600
95       -162.617600
96       162.617600
97       162.617600
98       102.044245
99       162.617600
100       -162.617600
Dados Normalização
Min        Max
  0.000000               0.000000

Conjunto de treinamento
  0.162182   7.084272 
  0.794285   6.930437 
  0.311215   0.331104 
  0.528533  -5.845521 
  0.165649   6.768362 
  0.601982  -1.632479 
  0.262971   3.490131 
  0.654079   1.810397 
  0.689215   4.107151 
  0.748152   6.572311 
  0.450542  -7.038899 
  0.083821   5.171680 
  0.228977   5.238165 
  0.913337   1.904681 
  0.152378   7.328685 
  0.825817   6.260808 
  0.538342  -5.579011 
  0.996135  -3.720733 
  0.078176   4.696841 
  0.442678  -6.754885 
  0.106653   6.073883 
  0.961898  -1.044877 
  0.004634   0.274475 
  0.774910   6.748695 
  0.817303   6.967427 
  0.868695   4.955727 
  0.084436   5.186891 
  0.399783  -5.588892 
  0.259870   3.527355 
  0.800068   6.893620 
  0.431414  -6.396972 
  0.910648   2.138448 
  0.181847   6.875081 
  0.263803   3.456227 
  0.145539   6.703301 
  0.136069   6.656463 
  0.869292   4.529539 
  0.579705  -3.372076 
  0.549860  -5.009828 
  0.144955   6.951103 
  0.853031   4.853293 
  0.622055  -0.529554 
  0.350952  -2.269311 
  0.513250  -6.604659 
  0.401808  -5.192728 
  0.075967   4.890824 
  0.239916   4.726767 
  0.123319   6.641340 
  0.183908   6.436584 
  0.239953   4.713784 
  0.417267  -5.684185 
  0.049654   3.354400 
  0.902716   2.718830 
  0.944787  -0.308477 
  0.490864  -6.871793 
  0.489253  -6.840264 
  0.337719  -1.548717 
  0.900054   2.806833 
  0.369247  -3.711323 
  0.111203   6.680927 
  0.780252   6.539062 
  0.389739  -4.355187 
  0.241691   4.707783 
  0.403912  -5.272507 
  0.096455   5.419696 
  0.131973   6.662535 
  0.942051  -0.025709 
  0.956135  -0.868460 
  0.575209  -3.879411 
  0.059780   4.034078 
  0.234780   4.748558 
  0.353159  -2.648036 
  0.821194   6.686769 
  0.015403   1.139394 
  0.043024   3.136137 
  0.168990   7.151624 
  0.649115   1.315133 
  0.731722   6.067009 
  0.647746   1.162506 
  0.450924  -7.120406 
  0.547009  -4.899965 
  0.296321   1.242090 
  0.744693   6.417055 
  0.188955   6.829612 
  0.686775   3.981797 
  0.183511   6.826942 
  0.368485  -3.368415 
  0.625619  -0.003017 
  0.780227   7.038597 
  0.081126   4.938004 
  0.929386   0.783501 
  0.775713   7.205613 
  0.486792  -7.237876 
  0.435859  -6.571325 
  0.446784  -7.181492 
  0.306349   0.750230 
  0.508509  -6.347096 
  0.510772  -6.459863 
  0.817628   6.625408 
  0.794831   6.471621 