Dim (X): 1
0.140255 6.901164 
0.260130 3.600697 
0.086815 5.341947 
0.429397 -6.396137 
0.257283 3.770142 
0.297555 1.156939 
0.424858 -6.260498 
0.119207 6.503961 
0.495067 -6.802217 
0.706407 4.927368 
0.243573 4.540814 
0.785070 6.999962 
0.074090 4.724644 
0.393883 -5.008021 
0.003394 0.237543 
0.220677 5.631461 
0.001301 0.091037 
0.189180 6.642442 
0.142484 6.925571 
0.268076 3.112858 
0.174892 6.889244 
0.138649 6.881445 
0.598886 -2.030686 
0.901058 2.817197 
0.939380 0.216827 
0.221184 5.610285 
0.482671 -6.954304 
0.376011 -4.058801 
0.523780 -6.055824 
0.264873 3.312073 
0.068357 4.420967 
0.436327 -6.577723 
0.173853 6.901759 
0.026107 1.806808 
0.954678 -0.851916 
0.430597 -6.429783 
0.961559 -1.327564 
0.762414 6.815925 
0.007349 0.513943 
0.680039 3.461145 
0.705951 4.904621 
0.645129 1.171184 
0.552310 -4.822891 
0.218109 5.736369 
0.772366 6.940643 
0.228028 5.310874 
0.370865 -3.760049 
0.890929 3.450727 
0.856377 5.309503 
0.402434 -5.407385 
0.318019 -0.270123 
0.608635 -1.368938 
0.910195 2.220733 
0.909098 2.293424 
0.591594 -2.513294 
0.332571 -1.281580 
0.853064 5.457703 
0.442398 -6.710881 
0.904355 2.604393 
0.033179 2.280178 
0.532426 -5.730004 
0.716497 5.403139 
0.179302 6.827871 
0.336533 -1.553122 
0.187713 6.674120 
0.321927 -0.543208 
0.403857 -5.470098 
0.548566 -5.009394 
0.048739 3.278225 
0.552732 -4.801423 
0.274811 2.683825 
0.241502 4.650196 
0.243145 4.563584 
0.154159 6.997016 
0.956416 -0.972543 
0.935661 0.476780 
0.818714 6.615089 
0.728262 5.888152 
0.175812 6.877547 
0.360371 -3.120909 
0.188790 6.650998 
0.001198 0.083886 
0.316420 -0.158204 
0.699617 4.578660 
0.625255 -0.214401 
0.543062 -5.270789 
0.439037 -6.640193 
0.287427 1.849033 
0.501659 -6.678604 
0.761546 6.801821 
0.762408 6.815822 
0.576056 -3.494103 
0.747663 6.507502 
0.645535 1.199174 
0.123220 6.602542 
0.504398 -6.618682 
0.347261 -2.275058 
0.092148 5.575468 
0.147849 6.970203 
0.198170 6.417330 
