Dim (X): 7
3.234060 32.072505 6.594698 1173.646435 0.520835 5.000000 66.840000 8088.000000 
3.379104 11.856338 4.492623 411.831175 0.762348 2.000000 31.850000 5667.000000 
5.089495 138.285260 6.983489 1937.040613 0.568138 5.000000 61.010000 5103.000000 
3.745295 13.987255 5.385174 620.681239 0.727444 4.000000 56.220000 8805.000000 
3.641606 80.747125 6.953947 1729.308039 0.545919 5.000000 71.760000 6599.000000 
3.961714 147.786216 7.053544 1965.661343 0.496975 4.000000 78.290000 6598.000000 
5.358035 146.372342 6.790643 1390.835262 0.649785 5.000000 60.450000 2507.000000 
4.278879 26.553622 5.628720 542.212880 0.750331 5.000000 63.320000 4001.000000 
4.360807 93.260726 6.935380 1601.691339 0.601727 9.000000 94.710000 27.000000 
4.605201 42.500369 5.888661 710.546051 0.709329 4.000000 78.180000 8760.000000 
3.601399 95.607923 6.482358 890.365863 0.598309 6.000000 76.800000 2641.000000 
3.563518 34.215698 6.029418 598.418194 0.640511 5.000000 60.310000 9704.000000 
4.441018 74.536996 5.639801 1130.536626 0.649156 6.000000 64.760000 633.000000 
4.558383 93.885869 6.724249 1630.529251 0.558841 6.000000 73.530000 6818.000000 
3.961714 147.786216 7.053544 1965.661343 0.496975 4.000000 78.290000 6598.000000 
4.720483 165.349595 7.054779 1763.617539 0.573468 4.000000 57.530000 7206.000000 
3.839117 26.412673 5.381690 750.441590 0.700877 4.000000 53.940000 7458.000000 
4.558383 93.885869 6.724249 1630.529251 0.558841 6.000000 73.530000 6818.000000 
3.816278 37.753358 6.060521 1020.287344 0.650023 4.000000 51.610000 2863.000000 
3.994915 177.067486 7.145065 1979.683950 0.499364 5.000000 56.200000 4230.000000 
5.140016 221.742109 6.825249 1216.879709 0.596256 5.000000 54.960000 3608.000000 
4.266269 26.713260 6.091647 831.883900 0.686538 5.000000 59.910000 4747.000000 
4.605201 42.500369 5.888661 710.546051 0.709329 4.000000 78.180000 8760.000000 
4.538441 77.434738 6.003723 830.104971 0.691775 4.000000 56.150000 4986.000000 
4.462667 107.620328 6.817363 1581.708303 0.593976 5.000000 56.360000 3550.000000 
4.538441 77.434738 6.003723 830.104971 0.691775 4.000000 56.150000 4986.000000 
2.874631 18.863803 6.601939 1311.610725 0.547766 3.000000 39.740000 21270.000000 
4.720483 165.349595 7.054779 1763.617539 0.573468 4.000000 57.530000 7206.000000 
4.494419 133.331142 6.837981 1416.226991 0.504059 8.000000 84.340000 205.000000 
4.278879 26.553622 5.628720 542.212880 0.750331 5.000000 63.320000 4001.000000 
2.707382 12.028382 3.209693 294.610148 0.792725 2.000000 26.210000 3066.000000 
4.542658 151.509416 6.964524 1736.678979 0.534485 4.000000 48.200000 4171.000000 
4.441018 74.536996 5.639801 1130.536626 0.649156 6.000000 64.760000 633.000000 
5.187213 176.726182 6.881525 1515.564114 0.616569 4.000000 43.390000 4530.000000 
5.140016 221.742109 6.825249 1216.879709 0.596256 5.000000 54.960000 3608.000000 
5.089495 138.285260 6.983489 1937.040613 0.568138 5.000000 61.010000 5103.000000 
4.261106 60.935010 6.295233 792.590931 0.617110 7.000000 85.700000 2148.000000 
4.433689 118.949487 5.831123 860.448730 0.634745 3.000000 42.270000 6559.000000 
3.347490 10.052669 4.688064 531.014581 0.768345 6.000000 81.150000 3888.000000 
4.883253 141.380631 6.879544 1481.270396 0.607110 7.000000 89.260000 4728.000000 
4.047106 110.114677 6.960514 1621.028068 0.540236 7.000000 78.350000 3415.000000 
2.874631 18.863803 6.601939 1311.610725 0.547766 3.000000 39.740000 21270.000000 
4.047106 110.114677 6.960514 1621.028068 0.540236 7.000000 78.350000 3415.000000 
3.478552 29.539136 6.233743 904.521010 0.610304 6.000000 82.880000 3079.000000 
