Dim (X): 2
5.980000 0.210000 5.500000 19.000000 8.000000 
6.780000 0.230000 7.500000 19.000000 8.000000 
7.620000 0.610000 5.500000 27.000000 8.000000 
8.830000 0.550000 7.500000 27.000000 8.000000 
5.010000 0.280000 5.500000 19.000000 12.000000 
5.390000 0.390000 7.500000 19.000000 12.000000 
5.770000 0.730000 5.500000 27.000000 12.000000 
6.700000 0.450000 7.500000 27.000000 12.000000 
5.670000 0.580000 4.800000 23.000000 10.000000 
7.210000 0.490000 8.200000 23.000000 10.000000 
4.940000 0.930000 6.500000 16.300000 10.000000 
7.690000 0.420000 6.500000 29.700000 10.000000 
8.630000 0.470000 6.500000 23.000000 6.600000 
5.490000 0.500000 6.500000 23.000000 13.400000 
6.570000 0.650000 6.500000 23.000000 10.000000 
