Support Vectors Machines

Fase 1 - Parâmetros da SVR
C      Gama        Epsilon         #SV         RHO
 200.000000      49.907213        0.035000      15         -6.397956
  34.271862       1.691587        0.035000      15        -17.289857
   8.000000      36.000100        0.035000      15         -9.874261
Dados Normalização
Min        Max
  4.940000               8.830000
  0.000000               0.000000
  SV ind.        SV coef

Y 1
1        -1.047214
2         1.140329
3        -1.422898
4         1.628389
5        -1.340029
6         1.428511
7        -0.217693
8         0.152775
9        -2.224366
10         2.242762
11         0.071298
12        -0.439502
13        -0.863436
14         0.836910
15         0.054164

Y 2
1        12.103857
2       -34.271900
3         6.883369
4        34.271900
5        -4.562975
6       -34.271900
7        34.271900
8        34.271900
9        16.915777
10       -34.271900
11       -31.340029
12        34.271900
13       -34.271900
14        34.271900
15       -34.271900

Y 3
1        -1.613020
2        -2.035122
3        -1.693258
4         1.031364
5         2.589844
6        -2.323281
7         4.286715
8         3.289255
9        -7.179144
10        -1.286300
11        -0.016802
12         1.368654
13        -4.052931
14         8.000000
15        -0.365975
Conjunto de treinamento - Fase 1
  0.267352    0.210000  
  0.473008    0.230000  
  0.688946    0.610000  
  1.000000    0.550000  
  0.017995    0.280000  
  0.115681    0.390000  
  0.213368    0.730000  
  0.452442    0.450000  
  0.187661    0.580000  
  0.583548    0.490000  
  0.000000    0.930000  
  0.706941    0.420000  
  0.948586    0.470000  
  0.141388    0.500000  
  0.419023    0.650000  

Fase 2 - Parâmetros da SVR
C      Gama        Epsilon         #SV         RHO
 196.609096       0.018621        0.035000      9       -6.636104
 199.096060       0.018403        0.035000      15      -20.160526
 117.490152       0.024975        0.035000      14       -9.185509
Dados Normalização
Min        Max
  0.000000               0.000000
  0.000000               0.000000
  4.834745               8.164794
 16.335430              26.964732
  6.635022              12.035210
  SV ind.        SV coef

Y 1
2        40.819296
3       -26.460738
4       103.167906
5       -67.762857
6        44.467466
7       -39.674110
12       -79.934649
13       -57.494645
14        82.872330

Y 2
1        21.877725
2        -7.135741
3       111.022279
4       199.096100
5       -199.096100
6       -199.096100
7       199.096100
8       199.096100
9         8.506112
10       -199.096100
11       -134.270374
12       199.096100
13       -199.096100
14       199.096100
15       -199.096100

Y 3
1       -38.557108
2       -22.218682
4        38.885283
5        30.936195
6       -73.394253
7        46.531693
8        36.278811
9       -44.836962
10       -10.705649
11        -2.894338
12       117.490200
13       -77.515190
14       117.490200
15       -117.490200
Conjunto de treinamento - Fase 2
  0.267352    0.210000    0.210226    0.247381    0.259285  
  0.473008    0.230000    0.789818    0.337350    0.259234  
  0.688946    0.610000    0.210359    1.000000    0.259244  
  1.000000    0.550000    0.789778    0.998114    0.246269  
  0.017995    0.280000    0.210354    0.254012    0.986982  
  0.115681    0.390000    0.789964    0.444402    1.000000  
  0.213368    0.730000    0.210292    0.592764    0.986993  
  0.452442    0.450000    0.789793    0.731393    0.986989  
  0.187661    0.580000    0.000000    0.623652    0.629518  
  0.583548    0.490000    1.000000    0.843514    0.629624  
  0.000000    0.930000    0.489675    0.000000    0.629614  
  0.706941    0.420000    0.510638    0.781338    0.616635  
  0.948586    0.470000    0.510503    0.907848    0.000000  
  0.141388    0.500000    0.489467    0.552311    0.984933  
  0.419023    0.650000    0.489662    0.853593    0.629643  
