Amostra: 1
Saidas: 3
0 0.28658 0.29685 0.32471 0.3268 0.27194 0.23958 0.27198 0.23965 0.23965 0.25514 0.22385 0.22385 0.22385 0.22385 0.22385 0.24965 0.21737 0.21737 0.21737 0.25777 0.21662 0.20098 0.19623 0.16969 0.19975 0.17872 0.17874 0.17481 0.14559 0.17481 0.14559 0.21347 0.18527 0.23772 0.2029 0.23939 0.2029 0.2029 0.23826 0.21748 0.207 0.2029 0.2029 0.2029 0.2029 0.23943 0.23343 0.25604 0.22016 0.25618 0.23815 0.22016 0.22016 0.22016 0.25058 0.24802 0.20575 0.25002 0.20121 0.20121 0.20186 0.21006 0.20187 0.20186 0.22528 0.23061 0.23206 0.20497 0.22527 0.21904 0.20187 0.1778 0.20723 0.17781 0.17781 0.17781 0.17781 0.17781 0.17781 0.17781 0.19177 0.19616 0.17033 0.17033 0.17033 0.17033 0.20638 0.16624 0.16624 0.20184 0.19612 0.17025 0.17025 0.17025 0.19612 0.17025 0.17025 0.1951 0.16979
12 14 13 16 15 15 14 15 14 14 15 14 14 14 14 14 16 15 15 15 18 16 18 19 18 19 19 19 20 19 20 19 20 20 16 14 15 14 14 15 15 16 14 14 14 14 15 16 15 14 15 15 14 14 14 17 16 14 18 15 15 16 17 16 16 16 17 15 14 16 17 16 15 16 15 15 15 15 15 15 15 17 17 16 16 16 16 19 17 17 16 17 16 16 16 17 16 16 16 15
0.185 0.166 0.146 0.176 0.158 0.155 0.183 0.157 0.164 0.15 0.15 0.147 0.175 0.15 0.162 0.164 0.15 0.167 0.168 0.171 0.152 0.161 0.145 0.179 0.156 0.159 0.168 0.172 0.149 0.176 0.154 0.174 0.186 0.17 0.154 0.138 0.156 0.164 0.147 0.169 0.162 0.158 0.151 0.165 0.164 0.149 0.172 0.17 0.159 0.16 0.165 0.166 0.162 0.17 0.163 0.181 0.146 0.157 0.171 0.177 0.179 0.161 0.154 0.166 0.165 0.152 0.166 0.181 0.162 0.156 0.181 0.163 0.173 0.158 0.173 0.167 0.153 0.16 0.165 0.167 0.169 0.151 0.167 0.161 0.166 0.146 0.169 0.176 0.154 0.159 0.183 0.171 0.177 0.161 0.153 0.17 0.166 0.157 0.156 0.165
0 0.30017 0.15148 0.18641 0.15081 0.1 0.15081 0.1 0.16008 0.14398 0.1233 0.1233 0.1233 0.1233 0.1233 0.1233 0.1233 0.1233 0.14732 0.14397 0.14397 0.15237 0.15265 0.15265 0.15265 0.15283 0.15318 0.15464 0.1568 0.15466 0.14398 0.14398 0.14398 0.14398 0.14398 0.14398 0.14398 0.14398 0.15266 0.14398 0.14887 0.12862 0.12862 0.12862 0.12862 0.12862 0.12862 0.12862 0.12862 0.12862 0.12862 0.12862 0.12862 0.12862 0.15151 0.12862 0.1515 0.14885 0.15265 0.1515 0.1515 0.15576 0.1515 0.1515 0.1515 0.1515 0.1515 0.1515 0.1515 0.15576 0.1515 0.15464 0.15465 0.15575 0.14998 0.15578 0.15578 0.15467 0.15578 0.15467 0.15578 0.15467 0.15467 0.14718 0.15467 0.15467 0.15467 0.15467 0.15004 0.23496 0.23496 0.23496 0.23496 0.23496 0.23496 0.23496 0.23496 0.23496 0.23496 0.23496
6 5 13 12 11 10 11 10 12 13 12 12 12 12 12 12 12 12 14 13 13 16 14 14 14 15 16 15 14 15 13 13 13 13 13 13 13 13 14 13 12 11 11 11 11 11 11 11 11 11 11 11 11 11 13 11 13 12 14 13 13 14 13 13 13 13 13 13 13 14 13 15 15 14 16 14 14 15 14 15 14 15 15 17 15 15 15 15 16 14 14 14 14 14 14 14 14 14 14 14
0.134 0.121 0.133 0.13 0.129 0.134 0.131 0.143 0.134 0.148 0.148 0.118 0.163 0.139 0.131 0.154 0.137 0.134 0.133 0.123 0.133 0.138 0.135 0.148 0.135 0.147 0.131 0.12 0.137 0.138 0.131 0.142 0.143 0.131 0.127 0.135 0.145 0.14 0.122 0.121 0.143 0.135 0.121 0.128 0.14 0.147 0.137 0.139 0.131 0.147 0.151 0.125 0.128 0.147 0.137 0.136 0.136 0.127 0.153 0.141 0.142 0.141 0.147 0.153 0.127 0.132 0.12 0.128 0.142 0.122 0.137 0.14 0.126 0.13 0.141 0.12 0.148 0.137 0.114 0.152 0.154 0.14 0.127 0.163 0.133 0.137 0.137 0.16 0.151 0.142 0.15 0.143 0.135 0.115 0.137 0.137 0.157 0.155 0.134 0.138
0 0.12534 0.1225 0.1248 0.1248 0.11782 0.12226 0.12226 0.12226 0.12226 0.12226 0.12226 0.12226 0.12226 0.12226 0.12366 0.42531 0.42531 0.42531 0.42531 0.18793 0.12615 0.12615 0.12615 0.12615 0.12615 0.12615 0.12615 0.12615 0.12615 0.12615 0.12615 0.12615 0.12615 0.12615 0.12615 0.11822 0.00049698 0.00049698 0.00049698 0.00049698 0.00049698 0.00049698 0.00049698 0.12416 0.11824 0.11824 0.11824 0.12428 0.1242 0.11331 0.00053148 0.00053148 0.00053148 0.00053148 0.00053148 0.00053148 0.00053148 0.00053148 0.00053148 0.11318 0.00053148 0.00053148 0.00053148 0.00053148 0.00053148 0.00053148 0.00053148 0.00053148 0.00053148 0.10854 0.0005512 0.0005512 0.0005512 0.0005512 0.0005512 0.10854 0.0005512 0.0005512 0.0005512 0.31147 0.41904 0.41904 0.41904 0.41904 0.41904 0.41904 0.41904 0.41904 0.41904 0.41904 0.41904 0.41904 0.41904 0.45768 0.41904 0.41904 0.41904 0.41904 0.41904
4 4 5 4 4 6 5 5 5 5 5 5 5 5 5 7 6 6 6 6 5 4 4 4 4 4 4 4 4 4 4 4 4 4 4 4 6 5 5 5 5 5 5 5 7 6 6 6 7 7 7 6 6 6 6 6 6 6 6 6 7 6 6 6 6 6 6 6 6 6 8 7 7 7 7 7 8 7 7 7 7 6 6 6 6 6 6 6 6 6 6 6 6 6 7 6 6 6 6 6
0.107 0.147 0.115 0.116 0.103 0.111 0.114 0.139 0.108 0.111 0.1 0.138 0.126 0.119 0.14 0.117 0.123 0.126 0.13 0.134 0.116 0.121 0.131 0.129 0.14 0.117 0.131 0.127 0.126 0.141 0.126 0.121 0.103 0.122 0.124 0.131 0.125 0.133 0.121 0.117 0.126 0.115 0.112 0.118 0.119 0.114 0.113 0.118 0.123 0.136 0.13 0.121 0.124 0.128 0.124 0.126 0.116 0.131 0.123 0.111 0.128 0.114 0.124 0.121 0.137 0.144 0.115 0.128 0.114 0.125 0.141 0.13 0.122 0.127 0.138 0.115 0.138 0.126 0.131 0.119 0.131 0.144 0.139 0.131 0.128 0.136 0.128 0.128 0.122 0.118 0.123 0.121 0.123 0.141 0.116 0.141 0.138 0.121 0.116 0.123
0 0 0 0 0 0 0 0 0 0 0 0 0 0 0 0 0 0 0 0 0 0 0 0 0 0 0 0 0 0 0 0 0 0 0 0 0 0 0 0 0 0 0 0 0 0 0 0 0 0 0 0 0 0 0 0 0 0 0 0 0 0 0 0 0 0 0 0 0 0 0 0 0 0 0 0 0 0 0 0 0 0 0 0 0 0 0 0 0 0 0 0 0 0 0 0 0 0 0 0
2 1 2 1 1 1 1 1 1 1 1 1 1 1 1 1 1 1 2 1 1 1 1 1 1 1 1 1 1 1 1 1 1 1 1 1 1 1 1 1 1 1 1 1 1 1 1 1 1 1 1 1 1 1 1 1 1 1 1 1 1 1 1 1 1 1 1 1 1 1 1 1 1 1 1 1 1 1 1 1 1 1 1 1 1 1 1 1 1 1 1 1 1 1 1 1 1 1 1 1
0.107 0.103 0.257 0.29 0.257 0.222 0.25 0.247 0.249 0.272 0.228 0.246 0.247 0.245 0.257 0.244 0.245 0.243 0.314 0.313 0.313 0.28 0.324 0.295 0.296 0.317 0.279 0.307 0.321 0.335 0.282 0.324 0.318 0.308 0.298 0.3 0.276 0.277 0.292 0.302 0.301 0.275 0.305 0.306 0.297 0.295 0.328 0.316 0.303 0.297 0.303 0.308 0.302 0.286 0.305 0.305 0.327 0.288 0.311 0.271 0.322 0.333 0.314 0.307 0.303 0.324 0.293 0.298 0.299 0.302 0.287 0.302 0.272 0.307 0.296 0.297 0.324 0.306 0.285 0.328 0.296 0.283 0.294 0.304 0.282 0.296 0.292 0.334 0.309 0.307 0.301 0.3 0.32 0.266 0.318 0.298 0.296 0.32 0.321 0.305
0 0 0.87484 0.29183 0 0.30698 0.0048701 0.0048701 0.0048701 0.0048701 0.0048701 0.0048701 0.0048701 0.0048701 0.0048701 0.0048701 0.0048701 0.0048701 0.0048701 0.0048701 0.0048701 0.0048701 0 0 0 0 0 0 0 0 0 0 0 0 0 0 0 0 0 0 0 0 0 0 0 0 0 0 0 0 0 0 0 0 0 0 0 0 0 0 0 0 0 0 0 0 0 0 0 0 0 0 0 0 0 0 0 0 0 0 0 0 0 0 0 0 0 0 0 0 0 0 0 0 0 0 0 4.8323 1.6515 1.1249
2 1 3 3 2 4 3 3 3 3 3 3 3 3 3 3 3 3 3 3 3 3 2 1 1 1 1 1 1 1 1 1 1 1 1 1 1 1 1 1 1 1 1 1 1 1 1 1 1 1 1 1 1 1 1 1 1 1 1 1 1 1 1 1 1 1 1 1 1 1 1 1 1 1 1 1 1 1 1 1 1 1 1 1 1 1 1 1 1 1 2 1 1 1 1 1 1 3 3 4
0.107 0.095 0.11 0.136 0.161 0.163 0.116 0.129 0.155 0.136 0.131 0.136 0.144 0.165 0.144 0.132 0.136 0.152 0.127 0.153 0.146 0.146 0.236 0.278 0.248 0.246 0.245 0.255 0.243 0.243 0.238 0.277 0.22 0.249 0.222 0.268 0.255 0.24 0.244 0.238 0.238 0.24 0.23 0.239 0.237 0.25 0.241 0.27 0.234 0.242 0.265 0.251 0.237 0.269 0.252 0.248 0.236 0.235 0.242 0.265 0.251 0.257 0.247 0.26 0.265 0.25 0.247 0.267 0.263 0.247 0.225 0.245 0.244 0.25 0.244 0.242 0.228 0.243 0.26 0.268 0.27 0.25 0.247 0.259 0.246 0.238 0.253 0.262 0.243 0.271 0.268 0.268 0.279 0.268 0.265 0.28 0.269 0.296 0.278 0.317
0 0 0.18514 0.19637 1.2354 1.2354 1.2354 1.2354 1.2354 1.2354 1.2354 1.2335 1.0445 1.0445 1.0445 1.0445 1.0445 1.0445 1.1415 1.15 1.15 1.15 1.15 1.15 1.15 1.15 1.15 1.15 1.15 1.15 1.15 1.15 1.15 1.15 1.15 1.15 1.15 1.15 1.15 1.15 1.15 1.15 1.15 1.15 1.15 1.15 1.15 1.15 1.15 1.15 1.15 1.15 1.15 1.15 1.15 0.97524 0.99624 0.99624 0.99624 0.99624 0.99624 0.99624 0.99624 0.99624 0.99624 0.99624 0.99624 0.99624 0.99624 0.99624 0.99624 0.99624 0.99624 0.99624 0.99624 0.99624 0.99624 0.99624 0.99624 0.99624 0.99624 0.99624 0 0 0 0 0 0 0 0 0 0 0 0 0 0 0 0 0 0
2 1 3 4 3 3 3 3 3 3 3 4 3 3 3 3 3 3 5 4 4 4 4 4 4 4 4 4 4 4 4 4 4 4 4 4 4 4 4 4 4 4 4 4 4 4 4 4 4 4 4 4 4 4 4 6 5 5 5 5 5 5 5 5 5 5 5 5 5 5 5 5 5 5 5 5 5 5 5 5 5 5 2 1 1 1 1 1 1 1 1 1 1 1 2 1 1 1 2 1
0.108 0.109 0.112 0.116 0.149 0.132 0.144 0.136 0.145 0.121 0.142 0.139 0.131 0.132 0.148 0.144 0.143 0.143 0.156 0.135 0.118 0.143 0.114 0.15 0.142 0.154 0.153 0.148 0.132 0.135 0.134 0.137 0.113 0.138 0.144 0.145 0.13 0.144 0.113 0.153 0.147 0.129 0.14 0.125 0.127 0.144 0.145 0.146 0.134 0.151 0.13 0.134 0.135 0.132 0.14 0.146 0.113 0.146 0.137 0.144 0.145 0.128 0.12 0.124 0.158 0.134 0.147 0.137 0.143 0.122 0.102 0.124 0.136 0.146 0.161 0.12 0.147 0.145 0.137 0.138 0.146 0.123 0.187 0.189 0.212 0.182 0.199 0.189 0.213 0.192 0.197 0.18 0.201 0.204 0.222 0.238 0.247 0.227 0.274 0.286
