Support Vectors Machines
Modelo: LibSVM
Loss function (e):   0.035000
Kernel: RBF_kernel

Fase 1 - Parâmetros da SVR
C      Gama        #SV         RHO
  50.000010     125.000010      169         -2.698586
 153.430539     105.776402      160         -0.713356
  11.717490      74.572457      179         -2.399056
Dados Normalização
Min        Max
  0.000000               0.000000
  SV ind.        SV coef

Y 1
1        50.000000
2       -50.000000
5        50.000000
8       -34.203033
9       -50.000000
10        36.734558
11       -50.000000
12       -50.000000
13       -50.000000
14       -50.000000
15        50.000000
16        50.000000
17        50.000000
18       -50.000000
19        50.000000
20        50.000000
21       -50.000000
22       -50.000000
24       -50.000000
25       -50.000000
26       -50.000000
27       -50.000000
28       -33.745729
29        50.000000
30        50.000000
31       -50.000000
32       -50.000000
33        50.000000
34        37.918010
35       -50.000000
36       -50.000000
37        50.000000
38       -50.000000
39       -50.000000
40        50.000000
41       -50.000000
42       -50.000000
43       -50.000000
44       -50.000000
45       -50.000000
46        50.000000
47        50.000000
49        50.000000
50        50.000000
51       -20.969280
52        50.000000
53       -50.000000
54       -50.000000
55       -41.417504
57       -24.680550
58       -50.000000
60        -1.263252
61        50.000000
62        50.000000
63        43.473486
64       -50.000000
65        50.000000
66        29.734293
67        50.000000
68        50.000000
69       -26.506675
70       -50.000000
71       -50.000000
72       -50.000000
73        50.000000
75       -50.000000
77        50.000000
78        50.000000
79       -50.000000
80        50.000000
81        50.000000
82       -50.000000
83        26.027007
84        50.000000
85       -40.361159
87       -50.000000
88       -50.000000
90       -50.000000
92        50.000000
93        50.000000
96       -50.000000
97       -50.000000
98       -50.000000
99        50.000000
100       -50.000000
101        50.000000
102        50.000000
103       -50.000000
104       -50.000000
105        50.000000
106       -50.000000
107       -50.000000
108        50.000000
109        50.000000
110        -3.707413
112       -50.000000
113        -5.155428
114        50.000000
115        50.000000
116        50.000000
117       -50.000000
118       -50.000000
119       -50.000000
121       -50.000000
123        50.000000
124        50.000000
125        50.000000
126        50.000000
127        50.000000
128        50.000000
129        -7.346237
130       -50.000000
131        14.496385
132       -50.000000
133       -50.000000
134        50.000000
135        50.000000
136       -31.365326
137        50.000000
140        50.000000
141        20.093626
142        50.000000
143       -16.322500
144        19.247474
145        50.000000
146        50.000000
148       -50.000000
149        50.000000
150        50.000000
151        50.000000
152        50.000000
154       -50.000000
156        50.000000
157       -50.000000
158         0.237361
159       -50.000000
160       -37.748570
161        50.000000
162       -50.000000
163       -50.000000
164       -50.000000
165       -50.000000
166       -50.000000
168        50.000000
169        50.000000
170        50.000000
171        50.000000
172       -50.000000
173       -50.000000
177        50.000000
178        50.000000
179       -50.000000
180        50.000000
181       -50.000000
183        50.000000
184        50.000000
185         6.302386
186        50.000000
187       -50.000000
188       -39.758742
190        -2.722457
191        50.000000
192        50.000000
193        33.009272
194       -50.000000
195        50.000000
198       -50.000000
199        50.000000
200       -50.000000

Y 2
1       -153.430500
3       153.430500
5       153.430500
6       153.430500
7       153.430500
8       153.430500
9       153.430500
11       -153.430500
12       -153.430500
14       -153.430500
15       -153.430500
16       -153.430500
17       -153.430500
18       153.430500
19       153.430500
20       153.430500
21       153.430500
22       -153.430500
23       153.430500
24       -153.430500
25       153.430500
27       153.430500
28       153.430500
29       153.430500
31       -153.430500
32       153.430500
33       153.430500
34       153.430500
35       -153.430500
36       153.430500
37       -153.430500
39       153.430500
41       -153.430500
42       153.430500
43       153.430500
45       153.430500
46       -153.430500
47       -153.430500
48       153.430500
49       -153.430500
50       -153.430500
51       -153.430500
52       153.430500
53       153.430500
54       -58.680978
55       -153.430500
56       153.430500
57        -1.311488
58       -58.199805
59       -153.430500
60       148.069135
63       -153.430500
64       153.430500
65       153.430500
66       -153.430500
67       -153.430500
68       153.430500
70       -153.430500
71       -153.430500
72       153.430500
73       153.430500
74       -153.430500
75       -153.430500
76       -153.430500
77       -153.430500
78       -153.430500
79       153.430500
82       153.430500
84       -153.430500
85       -153.430500
87       153.430500
89       -47.545576
90       153.430500
92       -153.430500
94       -153.430500
95       153.430500
96       153.430500
97       -153.430500
98       153.430500
99       -153.430500
100       -153.430500
101       -153.430500
102       153.430500
103       153.430500
104       -153.430500
106       153.430500
107       -153.430500
108       -153.430500
109       -153.430500
110       -153.430500
112       -77.431989
113       153.430500
114       -153.430500
115       117.290998
116       -92.827965
117       -153.430500
120       -153.430500
121       153.430500
122       -153.430500
123       -153.430500
124       153.430500
125       -153.430500
127       153.430500
128       -153.430500
130        18.442657
131       153.430500
132       -153.430500
133       -153.430500
134       153.430500
136       -153.430500
137       -153.430500
138       153.430500
139       153.430500
140        70.328319
142        90.578616
143       153.430500
144       139.511136
145       -153.430500
146       -153.430500
147       153.430500
148       120.877342
149       -95.540712
150       153.430500
151        79.072176
152       153.430500
154       153.430500
155       153.430500
156       -153.430500
157       153.430500
158       153.430500
159       -153.430500
161       -153.430500
162       -153.430500
163       -153.430500
164       -153.430500
166       -153.430500
167       153.430500
168       -153.430500
170       -153.430500
171       -91.883105
173       -153.430500
174       -40.085690
175        82.082349
176       126.018837
177       -153.430500
179       153.430500
181       153.430500
182       102.109954
183       153.430500
184       153.430500
185       153.430500
186       153.430500
189       -70.582712
192       -153.430500
193       -153.430500
194       153.430500
195       153.430500
196       -153.430500
199       153.430500
200       -153.430500

Y 3
1        -7.770917
2       -11.717500
3       -11.717500
4       -11.717500
5        11.717500
6        11.717500
8        11.717500
9       -11.717500
10       -11.717500
11        11.717500
12        11.717500
14        11.717500
15       -11.717500
16       -11.717500
17         9.302726
19        11.717500
20        11.717500
21       -11.717500
22       -11.717500
23       -11.717500
25       -11.717500
26       -11.717500
27        11.717500
28        11.717500
29       -11.717500
30       -11.717500
31       -11.717500
32       -11.717500
33        11.717500
34        11.717500
35       -11.717500
36        11.717500
37       -11.717500
38        11.717500
39        11.717500
40       -11.717500
42        11.717500
43       -11.717500
44       -11.717500
45       -11.717500
46        11.717500
48       -11.717500
49       -11.717500
50        11.717500
52       -11.717500
53        11.717500
54         0.545199
55       -11.717500
56       -11.717500
57        11.717500
58        11.717500
59        -1.450833
60        11.717500
61        11.717500
62       -11.717500
63       -11.717500
64        11.717500
65         4.995427
66        11.717500
67        11.717500
68         2.424552
69       -11.717500
70       -11.717500
71        11.717500
72       -11.717500
73         2.494449
74        11.717500
75        11.717500
78        11.717500
79        -4.163728
80       -11.717500
81        -3.492421
82       -11.717500
83        11.717500
84       -11.717500
85        11.717500
86        11.717500
87        11.717500
88        11.717500
89        11.717500
90        11.717500
91       -11.717500
92        11.717500
93        11.717500
94       -11.717500
96        11.717500
98       -11.717500
99        11.717500
100       -11.717500
101       -11.717500
102        11.717500
104         0.043495
105        11.717500
106        -0.200334
108        11.717500
109       -11.717500
110       -11.717500
112        11.717500
113        11.717500
114       -11.717500
115       -11.717500
116        11.717500
117        11.717500
118       -11.717500
119        11.717500
121        11.717500
122       -11.717500
124        11.717500
125       -11.717500
126        -1.019924
127         5.900192
128        11.717500
129        11.717500
130        11.717500
131       -11.717500
132        11.717500
133        11.717500
134        11.717500
135       -11.717500
136       -11.717500
137        11.717500
138        -9.470756
139        11.717500
140        11.717500
141       -11.717500
143        11.717500
144        11.717500
145       -11.717500
146        11.717500
147       -11.717500
148        -0.864500
149        11.717500
150        11.717500
151       -11.717500
152        11.717500
153       -11.717500
154       -11.717500
155       -11.717500
156       -10.693327
157       -11.717500
158        11.717500
159       -11.717500
160       -11.717500
161       -11.717500
162        11.717500
163        11.717500
164       -11.717500
165        11.717500
166        11.717500
168       -11.717500
169       -11.717500
170        11.717500
171       -11.717500
172        11.717500
173       -11.717500
174       -11.717500
175       -11.717500
177        11.717500
178       -11.717500
179        11.717500
180        11.717500
181       -11.717500
182       -11.717500
184       -11.717500
185       -11.717500
186       -11.717500
187        11.717500
188        11.717500
189        11.717500
190         0.844129
191        11.717500
192       -11.717500
193         0.859073
194       -11.717500
195        11.717500
197       -11.717500
198       -11.717500
199       -11.717500
200       -11.717500
Conjunto de treinamento - Fase 1
  0.551875    2.853742   0.691370   0.196125 
  0.669877    5.791124   3.971819   2.228410 
  0.786076    3.145324   2.687391   7.213628 
  0.408337    1.230350  -0.177395   0.171757 
  0.694545    4.411893   3.275152   3.822322 
  0.280882    0.050027   0.247509   1.932310 
  0.136908    0.871061   0.502159   7.140780 
  0.011907    4.490735   3.847704   1.527396 
  0.036224    5.630788   4.853125   1.998408 
  0.352840    5.989908   0.161280   0.358154 
  0.803634    4.701777   3.800861   7.186327 
  0.435596   -0.231145  -0.231972   0.300364 
  0.144186    1.436752   0.768359   7.354586 
  0.311935    2.661882   0.103671   1.167417 
  0.126514    0.651327  -0.113671   6.706569 
  0.839705    5.555729   3.993733   5.269987 
  0.446197    0.519943  -0.459808   0.127285 
  0.098663    0.711870   0.769744   5.339199 
  0.942334    3.043999   1.716102   1.026094 
  0.962624    5.222123   2.710994   0.706347 
  0.275109   -0.103546   0.212773   1.969155 
  0.844331    4.795130   3.849318   5.190712 
  0.879177    1.301942   1.129767   3.191211 
  0.625005    2.407612   1.193192   0.872007 
  0.461632    1.723803   0.272285   0.018411 
  0.692734    4.310839   3.259641   3.183492 
  0.314159    2.772886   0.331059   1.225289 
  0.515959    5.920013   1.124133   0.404699 
  0.345124    5.850863   0.365138   0.433451 
  0.555928    2.490097   0.686610   0.188823 
  0.713188    2.117121   1.425450   4.269830 
  0.360792    5.515452   0.216255   0.371288 
  0.169219    4.437622   2.368123   7.515383 
  0.650221    5.402730   3.320241   1.845696 
  0.337756    5.362851   0.086003   0.607925 
  0.522888    5.624057   1.165296   0.276708 
  0.622834    2.676396   1.128952   0.608558 
  0.679443    5.571534   3.899225   2.896748 
  0.923180    0.569347   0.647471   1.690552 
  0.086719    2.329255   1.560933   4.217297 
  0.511641    5.813908   0.775278   0.085465 
  0.596732   -0.061753   0.127665   0.699471 
  0.739482    0.044458   0.265862   5.705355 
  0.174287    4.571857   2.331079   7.107577 
  0.552714    2.579991   0.897392   0.114416 
  0.692610    4.795261   3.238807   3.440045 
  0.023440    5.654533   4.147481   1.657986 
  0.704933    3.141558   2.541716   3.876751 
  0.377550    4.871625  -0.152772   0.296505 
  0.958219    4.758932   2.080355   0.918924 
  0.604627    0.479429  -0.258675   0.535394 
  0.420278    0.570970   0.053858   0.056152 
  0.363013    5.666356   0.250782   0.570330 
  0.037323    5.615058   4.710373   2.114926 
  0.174413    4.846425   2.175934   7.015484 
  0.402402    1.831473   0.085440  -0.049102 
  0.239947    2.476584   0.572177   3.852569 
  0.126390   -0.021173  -0.047031   6.862595 
  0.429154    0.009690  -0.226285   0.112550 
  0.988469    5.860383   2.458650   0.497158 
  0.547582    3.640145   0.835240   0.584759 
  0.507242    6.025223   0.940953  -0.116757 
  0.300479    1.436247   0.033040   1.049266 
  0.568781    0.782692   0.768420   0.562794 
  0.311937    2.929176   0.362435   1.081883 
  0.043580    5.841489   4.661099   2.450740 
  0.475426    3.577207   0.166405   0.386406 
  0.702995    3.729576   2.720978   3.965998 
  0.707529    2.786863   2.206815   3.955470 
  0.584664   -0.044257  -0.095384   0.315272 
  0.386416    3.464895  -0.217247   0.459185 
  0.045939    5.687668   4.840183   2.156522 
  0.581196    0.223576   0.176201   0.396531 
  0.278212   -0.024692  -0.122845   2.137641 
  0.307562    2.026382   0.127498   1.254506 
  0.514598    6.007932   0.644558   0.061769 
  0.343416    5.941996   0.013551   0.603255 
  0.788657    3.786966   2.720682   7.405577 
  0.766414    1.010102   0.896030   6.957128 
  0.260140    0.718168   0.113103   2.377714 
  0.364596    5.685308   0.090659   0.412265 
  0.270895   -0.162474   0.080466   2.171939 
  0.490948    5.157859   0.608790   0.334696 
  0.454860    1.655526  -0.169141  -0.018437 
  0.915167    0.264296   0.008825   1.726881 
  0.789897    3.559823   2.908727   7.461588 
  0.631636    3.308130   1.931104   1.156577 
  0.483385    3.931718   0.431661   0.319488 
  0.302087    1.540851   0.137738   1.281744 
  0.899292   -0.070020   0.154054   2.660646 
  0.663767    6.013866   3.848955   1.776727 
  0.716697    1.811050   1.319453   5.081955 
  0.205675    5.982202   2.132767   6.003470 
  0.824545    5.965043   4.463607   6.083943 
  0.685587    5.224205   3.814109   3.026173 
  0.728478    0.318565   1.121698   5.511529 
  0.746173   -0.000485  -0.003221   6.218212 
  0.531844    4.962383   1.249336  -0.099283 
  0.041072    6.265272   4.681155   2.328672 
  0.464212    1.956507  -0.122516  -0.189501 
  0.692064    4.696562   3.271169   3.187169 
  0.798191    4.647238   3.744409   7.712156 
  0.461241    1.738053   0.132399   0.049191 
  0.081681    2.510668   1.777749   4.320861 
  0.680944    5.894822   3.853616   2.981564 
  0.821605    5.866268   4.921756   6.450960 
  0.943767    2.825779   1.551357   0.926791 
  0.112083    0.394314  -0.075230   6.180565 
  0.932342    1.909483   0.959260   1.118900 
  0.729972    0.545850   0.274157   5.330565 
  0.304648    1.854263   0.171270   1.173910 
  0.537934    4.365160   0.989484   0.535014 
  0.688649    4.914154   3.721313   3.560612 
  0.381201    4.439354  -0.121046   0.067715 
  0.746399    0.200298   0.103993   6.145976 
  0.943234    3.091916   1.662835   0.992822 
  0.872668    1.914636   1.501419   3.703015 
  0.996242    5.576537   1.914882   0.326182 
  0.229661    3.611921   1.024389   4.563793 
  0.147618    1.909032   0.856158   7.370058 
  0.387926    3.303460   0.095999   0.361139 
  0.076153    3.364051   2.318973   3.720022 
  0.512985    6.136589   0.619127   0.100595 
  0.074773    3.701939   2.776510   4.206199 
  0.908221    0.358045  -0.285254   1.868758 
  0.503262    6.007964   0.841552   0.030264 
  0.143987    1.800401   0.912232   7.366412 
  0.568796    1.087888  -0.033832   0.594481 
  0.096747    1.118835   0.743472   5.272157 
  0.791037    3.645746   3.068189   7.422011 
  0.315832    3.218180   0.296211   0.853296 
  0.288021    0.267346  -0.123487   1.753124 
  0.377968    4.410589  -0.289420   0.521493 
  0.358241    5.983154   0.299725   0.777360 
  0.652736    5.712158   3.366407   1.547932 
  0.400141    2.047837  -0.247863   0.079934 
  0.503922    6.208389   0.692385   0.312047 
  0.928280    1.365837   0.868434   1.238288 
  0.427469    0.010300   0.001453   0.247937 
  0.418395    0.686824  -0.160534   0.282601 
  0.500952    5.824976   0.800724   0.020195 
  0.872888    2.084164   1.571764   3.620868 
  0.931228    1.625037   1.047845   1.295582 
  0.456993    1.405646   0.057901   0.462130 
  0.648710    5.321360   2.829837   1.364602 
  0.770907    1.580366   1.012705   7.263216 
  0.349442    5.906538   0.254195   0.353922 
  0.633811    3.462775   2.056773   1.027536 
  0.168292    4.655621   2.099934   7.572798 
  0.272204    0.262010   0.282136   2.298097 
  0.219453    4.939296   1.539238   4.789372 
  0.414279    0.966780  -0.140364   0.362729 
  0.283266    0.105265   0.020964   1.563468 
  0.451641    0.671129   0.406628  -0.006301 
  0.747571    0.076120   0.217692   6.256783 
  0.227999    4.026167   0.978733   4.457021 
  0.066040    4.173404   3.525680   3.178156 
  0.069694    4.066722   3.279061   3.735325 
  0.240474    2.405381   0.536750   3.652253 
  0.810918    5.469707   4.442955   6.617844 
  0.931325    1.927521   0.789108   0.856531 
  0.345900    5.760132  -0.003804   0.667987 
  0.426210   -0.057315  -0.403970   0.229346 
  0.491639    4.996118   0.490645  -0.040354 
  0.871947    2.061080   1.639185   3.724003 
  0.678174    5.689686   3.840647   2.835689 
  0.496413    5.508174   1.034308   0.071901 
  0.863095    3.420933   2.070135   4.078156 
  0.481896    4.481904   0.436320  -0.071447 
  0.049704    5.772754   4.478274   2.814681 
  0.590189    0.329632  -0.005306   0.254252 
  0.498086    5.573419   0.739473   0.110273 
  0.938311    2.042670   1.217876   0.916438 
  0.005337    3.903571   2.993452   1.042675 
  0.963049    5.141435   2.721786   0.368299 
  0.828098    5.910317   4.698663   6.216814 
  0.754941    0.428740   0.116903   6.763615 
  0.751777    0.413337   0.140358   6.251074 
  0.179966    5.082097   2.625093   7.230859 
  0.308116    2.439149   0.173773   1.357061 
  0.936634    2.040333   1.424718   0.829904 
  0.275600   -0.059301   0.068443   1.714520 
  0.857118    3.940787   3.087418   4.536574 
  0.490424    5.149844   0.763229   0.001482 
  0.132405    0.589137   0.424255   6.935625 
  0.608827    1.156906   0.753101   0.448084 
  0.723660    1.009645   0.866368   5.369658 
  0.580699    0.111671   0.113466   0.512281 
  0.665092    6.051335   3.839721   2.278740 
  0.865659    2.825955   2.157806   4.075496 
  0.497635    5.814344   0.725371   0.238430 
  0.290204    0.579075  -0.132722   1.490951 
  0.998111    5.554545   1.637298   0.432791 
  0.494685    5.326858   0.820117  -0.100204 
  0.832212    6.075069   4.793074   6.232613 
  0.738249    0.174173   0.069595   5.865698 
  0.506686    6.006362   0.901855  -0.281508 
  0.968957    5.479974   2.829425   0.396389 
  0.055901    5.389133   4.306628   2.692568 
  0.106366    0.217640   0.100053   5.729615 

Fase 2 - Parâmetros da SVR
C      Gama        #SV         RHO
 250.000000       0.087841      157       -3.687593
 250.000000       0.060502      158       -2.261834
  58.220634       0.080912      167       -3.063424
Dados Normalização
Min        Max
  0.000000               0.000000
 -0.060646               6.036466
 -0.195511               4.745383
  0.037230               7.390953
  SV ind.        SV coef

Y 1
1       250.000000
2       -250.000000
6         2.879493
7       -17.218124
8       -250.000000
9       -250.000000
10        94.409928
11       -250.000000
12       -250.000000
13       -250.000000
14       -162.326860
15       250.000000
16       250.000000
17       250.000000
18       -250.000000
19       250.000000
20       250.000000
21       -250.000000
22       -250.000000
24       -250.000000
25       -250.000000
26       -250.000000
27       -250.000000
29       250.000000
30       250.000000
32       -250.000000
33       250.000000
35       -250.000000
36       -250.000000
37       250.000000
38       -250.000000
39       -250.000000
40       250.000000
41       -250.000000
42       -250.000000
43       -250.000000
44       -250.000000
45       -250.000000
46       250.000000
47       250.000000
49       250.000000
50       250.000000
52       250.000000
53       -250.000000
54       -250.000000
55       -198.629238
58       -250.000000
61       250.000000
62       250.000000
63       250.000000
64       -250.000000
65       250.000000
66       180.071708
67       250.000000
68       250.000000
70       -250.000000
71       -250.000000
72       -250.000000
73       250.000000
75       -250.000000
77       250.000000
78       250.000000
79       -250.000000
80       250.000000
82       -250.000000
84       250.000000
85       -13.675341
86       -250.000000
87       -250.000000
88       -250.000000
90       -250.000000
92       250.000000
93       250.000000
94       250.000000
95       -167.165654
96       -250.000000
97       -250.000000
98       -250.000000
99       250.000000
100       -250.000000
101       250.000000
102       250.000000
103       -250.000000
104       -250.000000
105       250.000000
106       -113.647648
107       -250.000000
108       250.000000
109       250.000000
112       -250.000000
113       -250.000000
114       250.000000
115       250.000000
116       133.531587
117       -250.000000
118       -123.461800
119       -250.000000
121       -250.000000
123       250.000000
124       250.000000
125       250.000000
126       250.000000
127       250.000000
128       250.000000
130       -250.000000
131       250.000000
132       -250.000000
133       -250.000000
134       250.000000
135       250.000000
137       250.000000
139       -250.000000
140       250.000000
141        38.209876
142       250.000000
144       250.000000
145       250.000000
146       250.000000
148       -250.000000
149       250.000000
150       250.000000
152       250.000000
154       -250.000000
155       -65.593352
156       250.000000
157       -250.000000
160       -150.863608
161       250.000000
162       -250.000000
163       -250.000000
164       -250.000000
165       -172.326869
166       -250.000000
168       250.000000
169       250.000000
170       250.000000
171       250.000000
172       -250.000000
173       -250.000000
174       -12.434636
177       250.000000
178       250.000000
179       -250.000000
180       250.000000
181       -250.000000
184       250.000000
186       250.000000
188       -101.446032
190       -250.000000
191       250.000000
192       250.000000
193        99.686571
194       -250.000000
195       250.000000
198       -250.000000
199       250.000000
200       -250.000000

Y 2
1       -250.000000
3       250.000000
5       250.000000
6       250.000000
7       250.000000
8       250.000000
9       250.000000
10       -10.927338
11       -250.000000
12       -250.000000
14       -250.000000
15       -250.000000
16       -250.000000
17       -250.000000
18       250.000000
19       250.000000
20       250.000000
21       250.000000
22       -250.000000
23       250.000000
24       -250.000000
25       250.000000
26       -250.000000
27       250.000000
28       250.000000
29       250.000000
30       250.000000
31       -250.000000
32       250.000000
33       250.000000
34       250.000000
35       -250.000000
36       250.000000
37       -250.000000
39       250.000000
41       -250.000000
42       248.425760
43       250.000000
44       -165.773491
45       250.000000
46       -250.000000
47       -250.000000
48       250.000000
49       -250.000000
50       -250.000000
51       -250.000000
52       250.000000
53       250.000000
55       -250.000000
56       250.000000
59       -250.000000
60       163.369584
63       -250.000000
64       250.000000
65       250.000000
66       -51.290228
67       -250.000000
68       250.000000
70       -250.000000
71       -250.000000
72       250.000000
73       250.000000
74       -250.000000
75       -250.000000
76       -250.000000
77       -250.000000
78       -250.000000
79       250.000000
82       250.000000
84       -250.000000
85       -250.000000
87       250.000000
90       198.111985
92       -250.000000
94       -250.000000
95       250.000000
96       250.000000
97       -250.000000
98       250.000000
99       -250.000000
100       -250.000000
101       -250.000000
102       250.000000
103       250.000000
104       -250.000000
106       250.000000
107       -250.000000
108       -250.000000
109       -250.000000
110       -250.000000
113       250.000000
114       -250.000000
115       250.000000
116       -58.226572
117       -250.000000
120       -250.000000
121       250.000000
122       -250.000000
123       -250.000000
124       250.000000
125       -250.000000
127       250.000000
128       -250.000000
129       139.270496
131       250.000000
132       -250.000000
133       -250.000000
134       250.000000
136       -250.000000
137       -250.000000
138       250.000000
139       250.000000
142       250.000000
143       250.000000
144       250.000000
145       -250.000000
146       -250.000000
147       250.000000
148       250.000000
149       -250.000000
150       250.000000
151       234.840718
152       250.000000
154       250.000000
155       250.000000
156       -250.000000
158       250.000000
161       -250.000000
162       -250.000000
163       -250.000000
164       -250.000000
165         2.166782
166       -250.000000
167       250.000000
168       -250.000000
170       -250.000000
171       -250.000000
173       -250.000000
174       -250.000000
175       186.955018
176       245.434956
177       -250.000000
179       250.000000
181       250.000000
182        14.319227
183       250.000000
184       250.000000
185       250.000000
186       250.000000
189       -250.000000
191       -146.676898
192       -250.000000
193       -250.000000
194       250.000000
195       250.000000
196       -250.000000
199       250.000000
200       -250.000000

Y 3
2       -58.220600
3       -58.220600
4       -58.220600
5        58.220600
6        58.220600
8        58.220600
9       -58.220600
10       -58.220600
11        58.220600
12        58.220600
14        58.220600
15        -7.756319
16       -58.220600
19        58.220600
20        58.220600
21       -58.220600
22       -58.220600
23       -58.220600
24         0.945661
25       -58.220600
26       -58.220600
27        58.220600
28        58.220600
29       -58.220600
30       -58.220600
31       -58.220600
32       -58.220600
33        43.158577
34        58.220600
35       -58.220600
36        58.220600
37       -58.220600
38        58.220600
39        58.220600
40       -58.220600
42        58.220600
43       -58.220600
44       -58.220600
45       -58.220600
46        50.810020
47       -43.459993
48       -58.220600
49       -58.220600
50        58.220600
51       -55.322897
52       -58.220600
53        58.220600
55       -58.220600
56       -58.220600
57        58.220600
58        58.220600
59       -58.220600
60        34.927808
61        58.220600
62       -58.220600
63       -58.220600
64        58.220600
65        58.220600
66        58.220600
67        58.220600
69       -58.220600
70       -58.220600
71        58.220600
72       -58.220600
74        58.220600
75        58.220600
78        30.508093
79       -58.220600
80       -58.220600
83        58.220600
84       -58.220600
85        58.220600
86        58.220600
87        58.220600
88        58.220600
89        58.220600
90        58.220600
91       -58.220600
92        58.220600
93        58.220600
94       -58.220600
96        58.220600
98       -58.220600
99        58.220600
100       -58.220600
101       -58.220600
102        58.220600
105        58.220600
108        58.220600
109       -58.220600
110       -58.220600
112        58.220600
113        58.220600
114       -58.220600
115       -58.220600
116        58.220600
117        58.220600
118       -58.220600
119        58.220600
120       -58.220600
121        58.220600
122       -58.220600
124        58.220600
125       -34.824862
128        58.220600
129        58.220600
130        58.220600
131       -58.220600
132        58.220600
133        58.220600
134        58.220600
135       -58.220600
136       -58.220600
137        58.220600
139        58.220600
140        58.220600
141       -18.361598
143        58.220600
144        58.220600
145       -58.220600
146        58.220600
147       -58.220600
149        58.220600
150        58.220600
151       -58.220600
152        58.220600
153       -58.220600
154       -58.220600
156       -58.220600
157       -58.220600
158        58.220600
159       -58.220600
160       -58.220600
161       -58.220600
162        58.220600
164       -58.220600
165        58.220600
166        58.220600
168       -58.220600
169       -58.220600
170        58.220600
171       -58.220600
172        58.220600
173       -58.220600
174       -58.220600
175       -58.220600
177        58.220600
178       -58.220600
179        58.220600
180        58.220600
181       -58.220600
182       -58.220600
183       -58.220600
185       -58.220600
186       -58.220600
187        58.220600
188        58.220600
189        58.220600
191        58.220600
192       -58.220600
194       -58.220600
195        58.220600
196        58.220600
197       -58.220600
198       -58.220600
199       -58.220600
200        -0.624488
Conjunto de treinamento - Fase 2
  0.551875    0.467475    0.195443    0.026359    2.853742   0.691370   0.196125 
  0.669877    0.997996    0.839752    0.303903    5.791124   3.971819   2.228410 
  0.786076    0.524190    0.560507    0.983342    3.145324   2.687391   7.213628 
  0.408337    0.209894    0.003022    0.025635    1.230350  -0.177395   0.171757 
  0.694545    0.722872    0.682043    0.466930    4.411893   3.275152   3.822322 
  0.280882    0.013946    0.048758    0.245241    0.050027   0.247509   1.932310 
  0.136908    0.152362    0.117495    0.968847    0.871061   0.502159   7.140780 
  0.011907    0.752221    0.761758    0.188943    4.490735   3.847704   1.527396 
  0.036224    0.968467    0.998248    0.272629    5.630788   4.853125   1.998408 
  0.352840    0.986636    0.073166    0.067722    5.989908   0.161280   0.358154 
  0.803634    0.824388    0.856999    0.957851    4.701777   3.800861   7.186327 
  0.435596    0.014448    0.007575    0.011976   -0.231145  -0.231972   0.300364 
  0.144186    0.259442    0.198129    0.992421    1.436752   0.768359   7.354586 
  0.311935    0.454840    0.085477    0.137338    2.661882   0.103671   1.167417 
  0.126514    0.053878    0.037735    0.919010    0.651327  -0.113671   6.706569 
  0.839705    0.908251    0.894617    0.753308    5.555729   3.993733   5.269987 
  0.446197    0.086448    0.021602    0.007436    0.519943  -0.459808   0.127285 
  0.098663    0.172567    0.158215    0.719026    0.711870   0.769744   5.339199 
  0.942334    0.492967    0.371854    0.125191    3.043999   1.716102   1.026094 
  0.962624    0.845431    0.580723    0.082999    5.222123   2.710994   0.706347 
  0.275109    0.000000    0.046210    0.273477   -0.103546   0.212773   1.969155 
  0.844331    0.853126    0.836526    0.717371    4.795130   3.849318   5.190712 
  0.879177    0.227789    0.251729    0.439046    1.301942   1.129767   3.191211 
  0.625005    0.435806    0.316773    0.113188    2.407612   1.193192   0.872007 
  0.461632    0.315459    0.056626    0.002362    1.723803   0.272285   0.018411 
  0.692734    0.754772    0.705802    0.453862    4.310839   3.259641   3.183492 
  0.314159    0.498949    0.087292    0.131931    2.772886   0.331059   1.225289 
  0.515959    0.986683    0.249613    0.008705    5.920013   1.124133   0.404699 
  0.345124    0.961811    0.082060    0.077070    5.850863   0.365138   0.433451 
  0.555928    0.388029    0.175229    0.028457    2.490097   0.686610   0.188823 
  0.713188    0.363453    0.383285    0.607321    2.117121   1.425450   4.269830 
  0.360792    0.963857    0.062181    0.059335    5.515452   0.216255   0.371288 
  0.169219    0.724498    0.479376    0.992666    4.437622   2.368123   7.515383 
  0.650221    0.890251    0.688323    0.202540    5.402730   3.320241   1.845696 
  0.337756    0.896819    0.088229    0.087313    5.362851   0.086003   0.607925 
  0.522888    0.940665    0.259148    0.011860    5.624057   1.165296   0.276708 
  0.622834    0.392613    0.286409    0.107509    2.676396   1.128952   0.608558 
  0.679443    0.939122    0.825053    0.362912    5.571534   3.899225   2.896748 
  0.923180    0.152658    0.144348    0.187133    0.569347   0.647471   1.690552 
  0.086719    0.362353    0.352882    0.619617    2.329255   1.560933   4.217297 
  0.511641    0.996862    0.239617    0.006895    5.813908   0.775278   0.085465 
  0.596732    0.025157    0.056995    0.059522   -0.061753   0.127665   0.699471 
  0.739482    0.032980    0.066757    0.801749    0.044458   0.265862   5.705355 
  0.174287    0.808588    0.514709    0.977330    4.571857   2.331079   7.107577 
  0.552714    0.450893    0.191396    0.026790    2.579991   0.897392   0.114416 
  0.692610    0.756911    0.707373    0.452972    4.795261   3.238807   3.440045 
  0.023440    0.894714    0.916005    0.221513    5.654533   4.147481   1.657986 
  0.704933    0.524009    0.522785    0.544182    3.141558   2.541716   3.876751 
  0.377550    0.772095    0.036846    0.044924    4.871625  -0.152772   0.296505 
  0.958219    0.781527    0.548143    0.090485    4.758932   2.080355   0.918924 
  0.604627    0.094351    0.095655    0.070537    0.479429  -0.258675   0.535394 
  0.420278    0.061083    0.000005    0.019385    0.570970   0.053858   0.056152 
  0.363013    0.948952    0.058900    0.057190    5.666356   0.250782   0.570330 
  0.037323    0.969887    1.000000    0.277793    5.615058   4.710373   2.114926 
  0.174413    0.810538    0.515439    0.976886    4.846425   2.175934   7.015484 
  0.402402    0.310321    0.007008    0.028915    1.831473   0.085440  -0.049102 
  0.239947    0.421900    0.162458    0.507512    2.476584   0.572177   3.852569 
  0.126390    0.053152    0.037124    0.918312   -0.021173  -0.047031   6.862595 
  0.429154    0.012237    0.002682    0.014998    0.009690  -0.226285   0.112550 
  0.988469    0.976855    0.530136    0.054038    5.860383   2.458650   0.497158 
  0.547582    0.552471    0.214726    0.024165    3.640145   0.835240   0.584759 
  0.507242    0.992184    0.226795    0.005210    6.025223   0.940953  -0.116757 
  0.300479    0.239757    0.072528    0.169509    1.436247   0.033040   1.049266 
  0.568781    0.164651    0.107019    0.035586    0.782692   0.768420   0.562794 
  0.311937    0.454879    0.085479    0.137333    2.929176   0.362435   1.081883 
  0.043580    0.962281    0.992825    0.309542    5.841489   4.661099   2.450740 
  0.475426    0.581778    0.102487    0.000129    3.577207   0.166405   0.386406 
  0.702995    0.562275    0.554707    0.529525    3.729576   2.720978   3.965998 
  0.707529    0.472737    0.479186    0.563939    2.786863   2.206815   3.955470 
  0.584664    0.012787    0.049156    0.046966   -0.044257  -0.095384   0.315272 
  0.386416    0.615245    0.024314    0.038660    3.464895  -0.217247   0.459185 
  0.045939    0.952486    0.982530    0.322540    5.687668   4.840183   2.156522 
  0.581196    0.030625    0.056614    0.044092    0.223576   0.176201   0.396531 
  0.278212    0.004169    0.047126    0.257939   -0.024692  -0.122845   2.137641 
  0.307562    0.369268    0.081164    0.148726    2.026382   0.127498   1.254506 
  0.514598    0.991461    0.246769    0.008119    6.007932   0.644558   0.061769 
  0.343416    0.950190    0.083716    0.079321    5.941996   0.013551   0.603255 
  0.788657    0.572489    0.609290    0.983150    3.786966   2.720682   7.405577 
  0.766414    0.183733    0.213159    0.945697    1.010102   0.896030   6.957128 
  0.260140    0.087126    0.062916    0.360501    0.718168   0.113103   2.377714 
  0.364596    0.936161    0.056526    0.055710    5.685308   0.090659   0.412265 
  0.270895    0.006828    0.047010    0.295945   -0.162474   0.080466   2.171939 
  0.490948    0.850152    0.164975    0.000857    5.157859   0.608790   0.334696 
  0.454860    0.200544    0.039058    0.004309    1.655526  -0.169141  -0.018437 
  0.915167    0.059108    0.081867    0.221051    0.264296   0.008825   1.726881 
  0.789897    0.595475    0.632409    0.982620    3.559823   2.908727   7.461588 
  0.631636    0.569611    0.415284    0.132418    3.308130   1.931104   1.156577 
  0.483385    0.730028    0.133767    0.000058    3.931718   0.431661   0.319488 
  0.302087    0.267730    0.074625    0.164520    1.540851   0.137738   1.281744 
  0.899292    0.013635    0.061507    0.304061   -0.070020   0.154054   2.660646 
  0.663767    0.997233    0.816703    0.269431    6.013866   3.848955   1.776727 
  0.716697    0.299357    0.325223    0.634286    1.811050   1.319453   5.081955 
  0.205675    0.969121    0.466883    0.790499    5.982202   2.132767   6.003470 
  0.824545    0.986059    0.992032    0.859255    5.965043   4.463607   6.083943 
  0.685587    0.866473    0.783103    0.403782    5.224205   3.814109   3.026173 
  0.728478    0.122188    0.157361    0.723502    0.318565   1.121698   5.511529 
  0.746173    0.022123    0.053414    0.845086   -0.000485  -0.003221   6.218212 
  0.531844    0.832596    0.257571    0.016224    4.962383   1.249336  -0.099283 
  0.041072    0.968544    0.999220    0.296338    6.265272   4.681155   2.328672 
  0.464212    0.363317    0.064217    0.001756    1.956507  -0.122516  -0.189501 
  0.692064    0.766256    0.714201    0.449063    4.696562   3.271169   3.187169 
  0.798191    0.741198    0.776919    0.971770    4.647238   3.744409   7.712156 
  0.461241    0.308368    0.055518    0.002461    1.738053   0.132399   0.049191 
  0.081681    0.453888    0.448772    0.577814    2.510668   1.777749   4.320861 
  0.680944    0.923678    0.817075    0.372694    5.894822   3.853616   2.981564 
  0.821605    0.981491    0.992009    0.876955    5.866268   4.921756   6.450960 
  0.943767    0.520957    0.390012    0.121509    2.825779   1.551357   0.926791 
  0.112083    0.046656    0.033898    0.824356    0.394314  -0.075230   6.180565 
  0.932342    0.302171    0.245289    0.154378    1.909483   0.959260   1.118900 
  0.729972    0.105214    0.140602    0.734511    0.545850   0.274157   5.330565 
  0.304648    0.314170    0.077817    0.156908    1.854263   0.171270   1.173910 
  0.537934    0.734095    0.246853    0.019278    4.365160   0.989484   0.535014 
  0.688649    0.821728    0.753442    0.424928    4.914154   3.721313   3.560612 
  0.381201    0.710556    0.031516    0.042251    4.439354  -0.121046   0.067715 
  0.746399    0.022349    0.053557    0.846479    0.200298   0.103993   6.145976 
  0.943234    0.510555    0.383281    0.122865    3.091916   1.662835   0.992822 
  0.872668    0.343511    0.354280    0.488677    1.914636   1.501419   3.703015 
  0.996242    0.931153    0.425707    0.049789    5.576537   1.914882   0.326182 
  0.229661    0.627367    0.247328    0.591845    3.611921   1.024389   4.563793 
  0.147618    0.318075    0.239861    1.000000    1.909032   0.856158   7.370058 
  0.387926    0.586525    0.022344    0.037665    3.303460   0.095999   0.361139 
  0.076153    0.555991    0.556856    0.532818    3.364051   2.318973   3.720022 
  0.512985    0.995257    0.243027    0.007443    6.136589   0.619127   0.100595 
  0.074773    0.581205    0.583700    0.521788    3.701939   2.776510   4.206199 
  0.908221    0.014683    0.054416    0.254728    0.358045  -0.285254   1.868758 
  0.503262    0.974983    0.213341    0.003852    6.007964   0.841552   0.030264 
  0.143987    0.256181    0.195758    0.991910    1.800401   0.912232   7.366412 
  0.568796    0.164431    0.106943    0.035595    1.087888  -0.033832   0.594481 
  0.096747    0.199152    0.185060    0.703237    1.118835   0.743472   5.272157 
  0.791037    0.616419    0.653412    0.981881    3.645746   3.068189   7.422011 
  0.315832    0.532103    0.088474    0.128024    3.218180   0.296211   0.853296 
  0.288021    0.067048    0.055920    0.214229    0.267346  -0.123487   1.753124 
  0.377968    0.765318    0.036227    0.044610    4.410589  -0.289420   0.521493 
  0.358241    0.976455    0.065854    0.061901    5.983154   0.299725   0.777360 
  0.652736    0.920278    0.718883    0.213947    5.712158   3.366407   1.547932 
  0.400141    0.351643    0.008913    0.030203    2.047837  -0.247863   0.079934 
  0.503922    0.978672    0.215676    0.004065    6.208389   0.692385   0.312047 
  0.928280    0.231434    0.197592    0.168145    1.365837   0.868434   1.238288 
  0.427469    0.016966    0.001824    0.015813    0.010300   0.001453   0.247937 
  0.418395    0.078735    0.000000    0.020344    0.686824  -0.160534   0.282601 
  0.500952    0.959514    0.204891    0.003144    5.824976   0.800724   0.020195 
  0.872888    0.339387    0.350597    0.486963    2.084164   1.571764   3.620868 
  0.931228    0.282191    0.231842    0.158038    1.625037   1.047845   1.295582 
  0.456993    0.234739    0.044219    0.003643    1.405646   0.057901   0.462130 
  0.648710    0.870241    0.668808    0.195909    5.321360   2.829837   1.364602 
  0.770907    0.251788    0.282577    0.960134    1.580366   1.012705   7.263216 
  0.349442    0.981377    0.077344    0.071680    5.906538   0.254195   0.353922 
  0.633811    0.612949    0.448734    0.139364    3.462775   2.056773   1.027536 
  0.168292    0.708081    0.471718    0.994931    4.655621   2.099934   7.572798 
  0.272204    0.003170    0.046483    0.288796    0.262010   0.282136   2.298097 
  0.219453    0.809658    0.343916    0.677876    4.939296   1.539238   4.789372 
  0.414279    0.125365    0.000634    0.022474    0.966780  -0.140364   0.362729 
  0.283266    0.027414    0.050761    0.234416    0.105265   0.020964   1.563468 
  0.451641    0.153153    0.031919    0.005396    0.671129   0.406628  -0.006301 
  0.747571    0.024136    0.054927    0.853619    0.076120   0.217692   6.256783 
  0.227999    0.659397    0.262552    0.605791    4.026167   0.978733   4.457021 
  0.066040    0.731815    0.745048    0.454525    4.173404   3.525680   3.178156 
  0.069694    0.671213    0.679944    0.482084    4.066722   3.279061   3.735325 
  0.240474    0.411424    0.158650    0.503319    2.405381   0.536750   3.652253 
  0.810918    0.912735    0.938237    0.931189    5.469707   4.442955   6.617844 
  0.931325    0.283915    0.233003    0.157716    1.927521   0.789108   0.856531 
  0.345900    0.966373    0.081267    0.076070    5.760132  -0.003804   0.667987 
  0.426210    0.021918    0.001292    0.016427   -0.057315  -0.403970   0.229346 
  0.491639    0.859711    0.167830    0.000972    4.996118   0.490645  -0.040354 
  0.871947    0.357104    0.366439    0.494310    2.061080   1.639185   3.724003 
  0.678174    0.950934    0.830616    0.354748    5.689686   3.840647   2.835689 
  0.496413    0.917987    0.187274    0.001942    5.508174   1.034308   0.071901 
  0.863095    0.529517    0.523227    0.565095    3.420933   2.070135   4.078156 
  0.481896    0.703588    0.127735    0.000000    4.481904   0.436320  -0.071447 
  0.049704    0.929162    0.957662    0.344430    5.772754   4.478274   2.814681 
  0.590189    0.003975    0.045652    0.052165    0.329632  -0.005306   0.254252 
  0.498086    0.934954    0.193897    0.002355    5.573419   0.739473   0.110273 
  0.938311    0.414533    0.320325    0.136182    2.042670   1.217876   0.916438 
  0.005337    0.649386    0.652438    0.175629    3.903571   2.993452   1.042675 
  0.963049    0.851059    0.583342    0.082320    5.141435   2.721786   0.368299 
  0.828098    0.982950    0.983514    0.836471    5.910317   4.698663   6.216814 
  0.754941    0.058564    0.087424    0.895087    0.428740   0.116903   6.763615 
  0.751777    0.038971    0.068480    0.878047    0.413337   0.140358   6.251074 
  0.179966    0.888296    0.540036    0.954455    5.082097   2.625093   7.230859 
  0.308116    0.379956    0.081761    0.147225    2.439149   0.173773   1.357061 
  0.936634    0.382263    0.298898    0.141059    2.040333   1.424718   0.829904 
  0.275600    0.000141    0.046276    0.270962   -0.059301   0.068443   1.714520 
  0.857118    0.644413    0.630915    0.613909    3.940787   3.087418   4.536574 
  0.490424    0.842728    0.162806    0.000775    5.149844   0.763229   0.001482 
  0.132405    0.100908    0.076567    0.949449    0.589137   0.424255   6.935625 
  0.608827    0.148576    0.127691    0.077516    1.156906   0.753101   0.448084 
  0.723660    0.186101    0.219274    0.687427    1.009645   0.866368   5.369658 
  0.580699    0.033936    0.057976    0.043701    0.111671   0.113466   0.512281 
  0.665092    1.000000    0.823759    0.276685    6.051335   3.839721   2.278740 
  0.865659    0.479127    0.476868    0.544336    2.825955   2.157806   4.075496 
  0.497635    0.930566    0.192125    0.002240    5.814344   0.725371   0.238430 
  0.290204    0.090612    0.058656    0.205565    0.579075  -0.132722   1.490951 
  0.998111    0.915160    0.394915    0.049060    5.554545   1.637298   0.432791 
  0.494685    0.898525    0.180312    0.001555    5.326858   0.820117  -0.100204 
  0.832212    0.967566    0.962282    0.808379    6.075069   4.793074   6.232613 
  0.738249    0.038665    0.072848    0.793362    0.174173   0.069595   5.865698 
  0.506686    0.990514    0.225012    0.005011    6.006362   0.901855  -0.281508 
  0.968957    0.918344    0.609067    0.073642    5.479974   2.829425   0.396389 
  0.055901    0.871241    0.895353    0.383428    5.389133   4.306628   2.692568 
  0.106366    0.086139    0.072279    0.780909    0.217640   0.100053   5.729615 
